3675
6733
7570
1804
4387
2154
2996
9207
8782
2569
5454
8177
5376
2255
5403
1720
2723
3088
9627
9444
7665
5018
6284
2865
7539
9780
2358
6722
7277
7236
4482
7422
2922
3977
4444
3522
5731
5518
5661
1862
3387
3817
1128
3555
4386
5007
7723
7402
2169
4887
7861
1808
1578
5636
1037
4991
2745
5221
7125
6219
5645
5130
5121
4567
4367
8969
3200
9269
8547
2511
7639
3076
6277
6424
2105
6383
4105
3672
9616
7022
7628
2445
8619
1903
6589
5313
3540
9240
1714
9819
4341
9367
4111
5016
6819
9507
3181
8750
5555
8807
1899
2725
1105
2688
6248
9428
1658
4207
5975
1262
2278
6170
8948
9081
7458
5151
6410
4013
9992
2955
2010
7173
9637
1354
4463
5140
2647
1403
2300
7227
5489
8099
8025
3418
5488
5915
6046
4298
7351
4069
2004
7671
5531
9521
7669
2761
6407
8726
3450
5610
9707
6365
2458
7991
3605
1690
2782
5749
4052
2929
4325
3053
4186
4353
6360
9324
8972
3182
7418
9906
5864
1564
5451
7696
3915
4560
3185
2120
3100
8340
3426
4071
7802
4224
7435
6293
1222
6221
5363
7689
6387
6782
4972
4798
9447
3764
3671
3125
2231
1402
8798
4802
4078
5659
2052
6318
7331
8304
7058
7525
8596
1467
1587
9653
1117
6136
6052
2650
8057
1888
8968
2515
8976
4099
6368
8194
6463
1243
7438
4834
9429
8421
8047
8724
7148
8793
2245
2041
1771
6258
6785
9748
4021
6342
1806
8063
7197
9583
6525
9335
6692
7203
3077
4220
6598
2011
1845
3846
7854
2309
2395
4454
3381
6841
1849
4295
2501
2287
9015
2848
4531
1861
2710
1968
3695
6492
7581
2959
4421
7788
8878
8003
4058
5866
9423
3759
1462
8292
9645
2455
2235
3085
3519
2153
8778
1335
8784
5011
5202
9453
7474
6573
9592
5818
9816
4671
2801
6905
7929
3710
3542
7763
1801
2009
4906
1497
8022
8727
6434
4125
6498
8388
6981
9512
5930
9609
4528
6442
3248
7104
9873
6616
5292
1152
8018
9485
7740
5252
8447
1628
2370
5696
6660
6479
2381
7556
1920
4565
7388
5862
2610
7240
8848
3930
6823
1227
1154
4551
2718
9827
7682
7969
1442
1110
5734
9852
1360
7188
8439
9552
5134
3416
4957
5487
9899
5801
2892
1494
8664
8039
5201
3530
3384
5087
5194
8303
3195
6040
4055
8386
6381
4944
6207
6606
4711
6099
9371
1776
9253
8748
4373
7511
5448
7122
9825
7942
7170
3718
5170
7118
9403
7616
3731
2444
3361
1643
2968
8227
1581
2239
8265
7391
5473
9313
8350
9411
8327
9747
7542
4795
6749
2073
4712
1427
9297
5163
1951
5070
4604
7585
9656
1330
3939
4516
4307
9590
1568
6987
4888
2015
9574
5525
3126
7241
3217
4494
1248
3799
5969
7478
4714
1116
5065
8735
2825
8508
3950
4591
2580
5595
9789
7408
9836
8949
4781
3043
3806
5205
2510
6855
4960
7610
6135
2837
7707
4556
5296
9772
5238
8987
3778
9036
7043
8497
1294
2030
7746
4935
7625
3058
1718
8809
8458
3616
7274
6591
8148
2485
2396
6339
4799
6815
3772
8650
2882
6199
1583
8755
9202
4269
4067
2383
5413
3724
6222
9184
4378
4573
6825
3321
9935
6827
5330
1175
1878
9762
1379
7587
4204
6029
4852
6315
4611
7872
2664
7821
1004
6355
9029
4988
8660
6369
9451
6468
4586
3331
4748
3549
1538
7089
7536
6975
9785
4297
6516
6505
3767
8544
1797
5274
3225
3276
1163
6630
5792
5464
9033
8571
5745
8687
1451
1481
8978
1080
4398
6067
8579
6119
2985
3199
9638
1894
2700
1537
3705
1179
5586
7176
1675
8876
4000
8295
4007
8266
8615
1504
4929
2817
8189
6163
2109
1901
8880
5099
1086
9483
7594
9815
2023
7297
5276
2956
4992
7914
4884
2470
7876
9434
1031
9452
9924
1399
5526
4996
2131
4456
9715
7153
2583
2957
6256
7946
3707
7571
2888
7518
5377
4265
2808
1214
7146
9666
6796
1461
2244
3071
5123
5048
8202
8518
2139
4279
4875
9123
2538
3041
6990
4644
9967
5593
1017
1589
9025
8285
6289
4510
5996
1343
1511
8675
5714
2405
2392
8833
6010
8665
8853
2195
4208
6214
2635
7667
8734
7325
1362
1062
2969
6970
7310
8413
1865
9026
5427
4469
8274
2283
3462
2449
3985
2677
5481
2143
2181
7077
3228
8830
9951
1711
1445
7230
9487
5545
5900
2359
5829
2983
9120
6001
1308
5838
3075
4526
2450
5287
9663
1594
2512
6500
5981
1107
6922
1203
4497
7450
3697
9870
3376
6425
1957
8847
8440
7138
1240
8107
5865
2420
2033
1602
9292
8500
3393
4998
1391
8301
6397
5318
1430
6405
2531
4765
9779
8363
1585
4561
3912
1588
2164
1496
9130
5430
9988
8533
8351
7758
1756
6801
1252
6093
6228
6958
2981
4194
2916
5956
9105
9024
4389
1641
9039
1500
9198
3107
9305
3946
2891
9378
6509
6279
4829
1791
2963
8452
5329
2935
1678
6508
6286
6510
5765
5667
4607
3084
7716
8044
1884
6806
2462
9437
3042
7128
9660
1005
1727
5340
5335
8992
7938
6596
8694
2003
2822
9646
3002
3781
9726
6776
1064
9700
8397
1266
2894
9204
3680
2746
7445
4285
1670
4239
3818
4603
5267
4199
5955
8877
2780
2106
2911
4476
6482
4345
6030
6869
4562
8761
6346
9551
2433
5396
6748
1036
3732
7389
9588
2488
8200
9260
7376
2991
4144
9106
2221
1665
7538
7304
9513
9413
2162
4286
9864
6812
4134
4271
8426
2884
2258
1867
3883
2324
8199
2193
3179
4750
5243
8235
4635
5954
1548
6731
3333
2354
2118
7337
2246
7368
9661
1042
8423
9082
7522
9840
9499
9481
6628
4002
6159
7755
4903
6943
8217
7794
2351
8487
4120
9745
4665
7892
4807
3275
9278
9508
9939
1649
6931
7891
7987
5027
9933
8254
2727
9418
4213
3353
6344
7945
3822
1531
4097
7530
7705
2879
5094
4167
5362
3674
1146
4359
3201
4757
8560
5833
6817
4673
4663
1630
4808
2660
8382
2477
3926
1159
4660
3986
5977
2578
3083
4514
5195
9972
5277
9904
3309
3424
4862
6174
9265
3929
8625
4787
7249
3427
7830
8710
2633
9652
1539
7421
3249
7468
5342
6813
6190
2294
4616
8609
6440
8053
3379
8746
3708
5312
8147
8742
4953
3340
9342
9395
2093
5057
2469
3534
2607
8379
8868
4619
7796
8961
5406
3933
6944
4559
4182
4911
2711
6686
8911
8115
1318
2694
1586
6708
9426
9931
8929
7396
3300
4815
6380
5301
9079
5500
4303
2812
1383
6045
2948
3644
1904
1187
3434
4959
7709
9386
4254
2518
3791
1669
6080
3569
3112
8822
8537
7634
5196
8246
6664
1007
3033
3281
3026
2703
7774
5747
7762
4250
9500
7989
1213
7005
8773
7882
8247
1827
1686
4293
5519
6656
3011
7966
4330
9072
3581
6862
7505
4571
3279
3635
9998
2744
6356
9142
6055
9636
5989
2483
6644
3529
5044
6653
2026
9846
2570
9920
6650
3622
3073
2001
3551
4231
7910
1184
7341
3141
1992
2885
4699
3546
8605
5561
4314
4291
8775
1079
8468
9245
9774
3472
5746
4885
3733
8717
3807
3193
8410
2177
8922
1217
6875
8897
6116
7225
3693
3025
2943
5563
7375
2545
5817
8150
7722
8263
7561
4202
4406
5250
7061
7993
2313
1166
3871
7065
7831
6915
3802
8157
3242
9968
1024
9714
9095
7086
7702
3113
6870
4851
7246
6671
2631
6613
3175
9321
1632
8083
2771
1717
6120
3105
1448
8370
1269
8980
1820
8964
3730
2268
6245
6856
9654
6668
2787
5462
2523
4796
4546
7718
6396
5460
7627
4973
8181
2581
1398
6874
3224
7694
9897
3347
8682
9613
4518
4445
8032
2398
4863
1734
7401
9301
7845
7913
7069
3659
6128
8523
9099
3337
4266
1634
9294
1603
6881
5108
8091
9625
2348
6941
2084
2366
9649
7799
9331
4192
9419
7975
9340
7156
3452
2642
4363
6597
9422
5179
1153
5428
2623
4775
9212
6359
1074
4707
7977
9682
2114
4414
7958
4766
7169
6027
2784
3728
8638
1847
3937
5993
7547
6991
2914
7216
3594
8940
9791
1378
9914
6550
5695
3256
9421
1697
7419
2064
3562
6893
6966
6706
5707
1307
1235
6153
5628
1464
7355
5752
2081
1182
5197
3096
5680
2571
7347
1502
2288
8019
4096
3870
6532
9084
4308
9450
3190
9299
7386
7290
2797
9262
7357
1627
1100
7330
6797
6451
7268
7747
3784
6457
2553
6832
7041
2978
5974
1703
2714
4409
4823
4856
1860
2997
5768
8438
9009
5726
9566
8536
6188
7333
5486
7931
3987
4342
7379
8476
8480
8565
4981
2040
9886
4867
1846
5319
1485
8950
4381
9498
1916
4001
7264
2619
3312
4970
9601
5493
3654
6542
8618
9741
7308
4132
4427
6900
5890
8810
4534
6273
7395
8839
8503
5970
1039
3156
2493
5184
8662
8900
2378
3491
8286
4225
6205
4479
8661
7113
3941
1230
3862
5275
2171
2330
3706
2870
3543
9578
1802
1003
7823
8896
7250
7659
1620
2361
4048
1380
6240
5702
6511
7933
5014
1917
5677
9078
1256
6322
3245
3383
8479
4304
7978
5654
8526
9946
2830
9306
9229
5496
7080
6428
2753
6065
9035
4113
6930
8298
7916
6627
2053
1493
3344
5662
2683
1642
3438
6039
6839
3423
9875
7803
9604
3153
6530
4384
6868
9173
2689
8261
2994
7137
1914
4870
8607
4626
9605
9391
6329
3246
7606
9766
9733
5125
6541
7870
8070
9876
7941
3719
3158
2140
4413
7512
4116
3056
5727
8977
6449
8952
8348
7692
2800
4091
3409
9684
2056
4501
9228
8257
9239
6885
5649
5423
4614
3161
4706
7094
9290
5946
1534
6193
5885
9153
8451
9319
5611
7033
6292
2883
3024
4118
8910
8064
2690
2953
1142
7044
5365
9285
5517
9800
2422
2821
3173
7860
5088
7770
7506
1119
4654
8364
7508
7711
5224
3948
5740
5290
6103
1783
3459
5824
2368
3154
9345
5798
3483
6910
8126
6470
6595
9370
7031
2335
1181
1009
3202
1072
8914
7175
2902
6624
6017
4709
7776
6779
7273
4029
3917
9316
7965
4938
5841
4878
7378
3928
7432
8366
5314
9783
7847
5321
4417
1456
3166
9061
4184
7582
7131
8125
9404
2220
9128
5744
4141
6629
7272
6301
7192
8433
3226
2199
7340
9713
5641
5227
2653
3567
6971
5225
9353
1561
3284
5538
7915
1706
5732
6436
1012
9365
3538
3231
5739
2036
1744
2178
1986
3797
7029
7380
3455
7440
6404
4913
6477
4188
9795
8629
7051
3766
6718
6272
4985
5648
4816
9227
6194
7461
8016
3975
1876
5353
4687
4483
4499
9672
3377
5698
1803
6877
6086
8201
9296
6370
6156
8080
5516
3631
7654
7899
8640
2903
4946
2795
1060
2083
6330
5186
8909
8231
8599
2050
8425
4923
9141
5247
9016
1929
5409
4399
1582
9863
4987
5127
7394
3763
2340
9670
5002
9832
6154
5316
2575
6184
7154
2736
4154
4475
6413
3875
7586
3348
6239
9757
5577
7751
2886
7867
3667
8446
6166
6691
3780
8088
8907
4558
1390
4124
8960
7934
3127
7174
5144
1202
4643
6607
5042
5030
3796
2168
1043
8040
3755
8982
1139
5796
7897
5760
6646
4114
2954
1684
8470
4177
3568
8758
9244
3359
4640
1541
8719
8813
1232
9947
8811
2097
1429
8251
8089
5557
1609
4621
1840
1518
8400
9559
4600
7919
8289
5513
8353
3317
8866
4441
3143
8861
2931
3016
5549
4524
5758
8305
3428
6909
7719
8284
1965
2524
7429
6593
9889
5232
1752
2500
9376
5299
5040
5947
8297
3832
6446
5842
2557
9480
4490
6012
7349
2349
8120
5405
2826
3064
2341
4879
3865
1834
7497
1050
3502
3433
3369
3314
5860
3965
5912
9427
3332
9622
4914
6826
4613
5618
8461
8302
5119
1701
9197
5757
9787
5655
6141
6192
6871
5622
6331
6546
2124
5588
8554
2152
4451
1775
4542
8832
8951
1912
4986
3104
3682
6362
5255
7064
3235
9171
4845
2946
8321
2272
5399
7704
8394
3947
7233
8296
7201
8145
7009
6739
6260
1406
7954
1211
6852
8630
3713
2146
4588
4777
5735
9256
7493
6682
4241
4555
9218
1638
4217
5694
5952
9277
3999
7701
7748
5553
1702
9295
8238
2101
1275
7413
9782
6252
3467
7584
4418
8381
1950
9092
5858
9687
6747
9445
6648
9238
7186
5114
1866
7687
1517
6180
2417
7638
1482
4305
1629
4235
6209
7036
6649
3198
7866
5023
6493
9116
1047
7028
7953
2921
3890
7560
7115
2346
7513
7840
3164
3673
9110
8905
6622
7485
1969
6919
6968
1768
7813
1089
7072
1959
3873
2043
9949
4288
4574
6117
1104
6842
3545
6574
6236
6220
4670
5177
2384
7382
9509
7363
2465
5550
9192
9838
9794
2446
2437
1242
4730
3247
4587
7329
3856
3872
4147
5149
9143
9115
1165
9722
3789
8241
8567
5665
8696
1683
2549
2352
5876
4597
5366
5704
7323
7735
8028
7090
3742
2386
4076
6619
5788
7713
4433
7483
2964
4355
8453
6967
2596
1067
6994
2737
7848
6237
5511
5222
3482
5483
7149
7003
2924
8634
9034
7160
3367
5770
8249
9608
2457
1468
3548
9960
4876
1341
8671
9066
6390
5638
3407
1967
9541
8116
9161
4106
4268
1512
6308
7228
8045
8385
5613
3661
2777
6897
4519
3145
6294
4236
5246
1025
2242
6577
6402
4830
5010
2285
4057
4800
4340
7818
2190
1068
2088
1900
3617
9820
4544
2875
5877
2412
1536
7245
2661
2456
9839
1394
5223
3130
7132
2163
7144
1361
4066
2031
7986
6938
7507
9276
9443
4637
2159
7591
1871
4352
1479
2847
6393
5439
8944
2541
1938
8485
5794
8365
1376
8329
6681
4925
4846
4287
9669
9686
8820
5674
2122
1053
3040
8610
5551
8708
7932
3589
1606
5509
4779
1674
7708
4572
1167
1265
8448
4857
3660
8090
3902
4126
8143
3860
5507
8313
2236
6075
6560
6583
6610
2950
6721
6100
7016
5856
8361
7373
1696
2160
4050
9911
6129
8702
4772
1183
9032
9862
6840
3656
9690
4474
5629
6641
5581
5492
2901
5647
6403
3666
7428
5945
3501
5778
6198
4657
5816
9329
2232
6003
8233
2137
8175
3079
2923
9579
7207
2940
9874
6599
6347
3230
5310
6529
6913
5126
9537
2373
8514
9615
4379
3685
1529
8142
8891
6203
9962
6377
6084
7164
8176
2841
5554
5028
2141
8360
5536
5237
6838
1415
6679
3460
9808
9302
3966
1484
7567
6643
8545
3573
5733
1857
7979
8375
1941
3227
4760
7926
4214
2517
9043
6466
9569
8622
5081
8253
3236
9987
2846
7766
3479
4284
2838
7480
6204
1996
7500
1945
6886
8942
7409
1352
1261
4449
7447
5004
9905
5251
6230
1295
6054
4836
4062
7469
5962
4244
3402
8405
5935
3165
1236
5282
2918
9226
2829
4079
3252
8781
4180
5418
1216
3355
3327
6173
1077
2210
6335
8260
3726
3035
3209
5078
6023
4610
8314
4061
3196
4371
4793
6072
3690
8913
7417
2962
7864
8943
7107
4157
3848
7768
5035
9739
4824
3000
6945
7732
9119
5112
9230
1114
2819
6780
6520
7324
4162
1055
8530
3790
3137
8771
8185
4227
9689
8154
3020
4492
8614
7121
9561
2920
9778
5522
6735
7210
5753
7300
1002
3510
3280
4073
9928
4685
5463
1472
3679
8787
7312
3564
8800
9490
3619
7970
5827
8020
2748
9113
4930
9746
6728
4920
2630
7106
4343
3801
8255
7393
9267
7365
5426
2567
1148
2230
7961
2626
3836
7208
8879
6489
5429
2205
9955
6873
1659
4628
5200
7878
7767
5424
6177
7451
7613
8096
8483
1739
8585
3800
6043
3881
3891
1129
8510
4401
4871
8887
6437
8422
6760
9254
5219
9710
3613
2345
8946
7729
3632
8008
1934
2713
8431
3219
6297
4191
1171
8986
2069
6814
6312
9199
7244
6053
8165
5459
9891
8387
5908
5052
4039
1063
8300
7630
9940
1480
2182
6703
3417
5043
1345
8881
6341
1974
8738
7098
8657
3910
2298
1740
8875
8164
7726
2941
1438
8110
3743
5812
7901
9511
5303
9973
4530
9570
1530
4485
9999
1091
2896
3895
8935
6700
5943
3008
1882
8777
1680
6005
6736
7381
9393
7846
7619
8223
9420
1410
6110
5253
5000
8043
1747
8105
1547
1982
5960
1425
9352
3773
5512
3207
9878
4767
9997
8762
5256
1111
8667
8264
7348
5206
5082
6527
4189
1754
9460
4666
7574
6923
9807
8072
1751
1355
4481
8214
4745
9028
3503
8118
9539
8122
1371
4940
1556
3338
9004
7456
6685
1648
2128
2411
5857
1259
6545
3737
6254
5394
7498
1199
7212
5766
3099
3804
3360
7592
1637
9191
2666
6959
8051
4596
3983
8947
3537
3852
1337
2816
6790
5090
8644
7126
2367
3122
8404
2622
7416
3162
9970
7626
2855
8000
5627
7032
7157
4277
6243
8112
1258
5697
5019
4351
3934
7278
6077
2339
7742
1229
8171
5715
4222
1918
6514
7865
6455
2267
8141
3405
3262
5415
1016
8472
4137
8997
4117
2228
5560
6123
3254
9108
8803
3257
7877
8429
9556
1964
2984
3899
4947
8079
3336
3662
1093
8558
8224
9696
2971
6623
3046
5120
1239
6255
2988
7301
6611
8776
8310
3649
2416
8132
5709
6961
7490
2646
1506
3286
6992
4405
5604
1991
1350
5138
8216
1201
2869
8763
8680
2476
2418
8955
4093
7649
6111
9080
8334
6978
8860
2111
4168
2773
5086
9135
3147
4513
1099
3178
8009
1076
7140
3906
2079
9476
6927
6902
3563
8153
9703
7235
2077
2227
6353
6415
2951
3734
9959
6659
6363
6015
8283
2775
2308
9659
1234
4810
2046
2912
7166
8152
5907
2264
6233
3485
1443
7710
3419
6609
8945
8411
5306
7967
2534
1046
6486
9341
4738
6324
6465
4339
5743
6115
7453
9379
4179
9308
1477
1966
3069
1346
1228
1841
6105
6288
5953
4470
5835
1281
7327
4773
9193
8347
8846
2431
8082
2565
4051
1580
8572
6727
7842
3495
9938
4460
8920
5852
4595
4719
2068
1432
8065
2331
4226
5305
1347
7863
2435
2507
4255
4812
9457
4247
8963
4142
5242
1404
7298
3750
1880
5008
6189
7683
6928
5883
5893
5320
7400
2022
5370
4171
7988
8373
8339
2441
1358
4246
4965
8276
7535
3399
5350
2972
2738
6382
3704
5813
8445
9382
7662
6899
8740
5092
6140
5886
5229
2857
9942
6259
8550
5193
7350
2362
8857
5013
2548
2527
3390
1226
5780
3908
1831
6798
2048
9965
7398
9603
2742
8073
4813
8850
3350
8584
7576
8655
3988
9571
4831
7202
5520
5916
4897
7920
6250
8050
8442
7690
1572
7981
4249
9258
2543
9730
1879
9957
6340
5456
7917
5671
2180
2229
5983
1911
3106
2332
5162
6533
6890
1726
8119
2407
8827
7811
7952
9235
1098
6625
4659
5776
4724
6746
8939
9185
8026
7470
8280
2540
1162
6462
7309
2615
1317
5891
5407
8641
7133
9293
9089
5107
4054
5887
6059
4828
4548
1647
5782
1301
6311
1613
2196
1946
6112
5334
7904
9326
2112
8669
4175
7528
6504
5174
7737
5069
1136
2451
1463
2275
7621
8677
9424
7319
6133
4771
9263
8705
1015
5477
2587
9209
1488
7222
3029
5997
1742
9831
8450
2960
9678
8715
5122
3897
7948
1011
8390
1990
2546
3953
3842
5416
8054
2062
1264
7302
1492
5347
4491
3298
4364
9705
6374
7070
7206
9617
9786
9275
5663
8767
4538
6693
8499
2429
2814
9629
7479
1180
2572
2798
8234
8137
5129
4198
6954
9054
4728
4547
6778
4814
8592
4170
8953
1085
5351
8927
7181
1975
2442
1565
7265
7509
2508
4784
9755
3346
3590
3547
2212
1351
5679
9458
5475
3302
6569
5249
4338
3155
1713
6605
6983
9252
9888
2419
3600
2310
2720
1133
9506
1192
6743
4300
5708
4159
6092
1041
1763
5869
7155
5372
7599
6794
2018
7195
5810
9070
1218
3121
6580
9127
4393
6328
1340
6247
6238
7248
6935
2102
7617
8308
7161
5150
8416
9399
6376
4860
8338
1723
1331
5717
5384
7263
1123
5145
5328
6974
2835
3366
8840
7177
6261
3101
8406
4185
6512
2805
8342
6603
7793
8368
2142
5474
4606
1120
6352
3140
4155
6634
9708
5762
2525
2273
1322
8511
5248
4017
6187
2127
3536
6859
4580
8575
3489
4107
5192
8149
2474
6694
8432
3437
2311
7392
1065
7756
8765
8915
9307
9550
9002
8306
2820
4253
8315
6518
7646
2206
1026
8046
3604
8561
7501
5635
8117
3826
2424
6557
9877
3378
9586
1821
9982
1255
9527
5879
4915
8395
5034
2528
6588
3324
6802
2145
7804
2586
1121
9339
2110
8757
1856
9091
9528
5390
4508
9531
1084
2871
2259
9131
2092
6350
9211
1896
7935
9585
6894
9858
8587
7833
1069
5678
4145
1826
7996
1452
7733
2684
4751
1709
4205
9402
3586
4669
3721
8791
5317
9087
6857
1557
6497
9390
8973
2173
2649
1190
2625
9536
9907
5325
3618
5901
7923
3397
1652
1195
3133
2342
7504
5356
4252
8576
4902
7843
1886
8790
9547
8036
2355
7898
2248
4872
3646
5045
9698
7253
5888
6195
2198
4618
1137
1604
3487
4881
5688
9114
8759
6584
7907
8428
2659
7992
5323
6976
3019
8543
4218
2858
7303
2174
7316
3463
3386
3117
4632
7281
5167
5544
9088
4864
4825
3532
8318
8077
6031
7791
8242
9602
1708
3326
3803
5873
2591
1359
7334
5109
2438
3123
6765
5713
4667
1140
3087
7857
5566
3857
6336
6162
5572
4529
5582
3261
9464
4436
5806
9803
9364
7875
1513
7282
9448
5839
9866
3319
7179
2317
2336
9861
8049
6448
5153
4407
6406
8604
7211
8540
3962
4650
7123
2544
8320
1245
7752
9073
6741
3972
7648
8691
8772
2297
5269
3329
3776
5104
5510
1061
1976
2576
6843
9284
8959
9624
1386
9075
9867
9181
9020
3539
7879
1157
9333
3274
6104
7721
7524
9974
2498
6139
1356
5025
1321
7367
8006
6389
3821
7745
2979
8356
1979
1353
5147
5491
8113
5821
5357
3578
9581
9167
6211
3531
6394
9248
1186
6759
3757
8135
8941
8128
1108
5548
1081
9658
8568
6517
9317
8312
4805
7088
1059
5940
3944
7545
2434
8424
3497
1333
2051
8186
9993
5831
5006
4087
1045
7048
3898
1268
1319
7795
3720
9760
6298
3935
7059
3521
4400
4237
1877
4949
8225
4488
7486
1113
8854
9916
3517
9543
6795
8794
4336
9363
7060
2167
5651
6503
2490
5828
2624
4416
4282
3358
4690
2002
8473
3874
9475
4459
7361
9691
8745
3343
3994
6846
5132
3471
6217
5187
6696
6464
5101
1898
1750
4053
4306
7697
3120
5583
8928
6920
9031
9693
5802
2769
2256
8884
7753
8463
1610
7406
7550
1305
8011
2432
5209
4424
4698
7390
5722
7578
6567
8631
3684
8075
2216
7908
7284
2448
4347
9954
3638
2878
8027
1807
1596
2481
3961
8482
1449
5501
4941
2669
7082
6724
6773
9471
9385
7962
3425
4858
3057
5442
7472
4919
4602
8870
9304
7629
9257
4843
3059
8042
7196
7142
6309
7853
1466
4229
2471
7314
3036
8538
5484
7636
8380
5923
9936
8692
6704
4035
6581
4187
1032
1833
7551
7754
9573
6400
6144
2802
6264
1038
6121
5777
1450
6303
8649
9149
6540
4264
9117
1521
1543
6807
7769
9841
2211
2012
1413
4620
3305
6608
8524
5444
5652
2499
4695
5711
8369
6865
1160
8892
2772
4770
3969
6789
1980
5032
9332
8601
6552
8192
7185
4148
6066
1313
6738
1342
6094
9022
3264
5183
7100
3063
5608
2863
4710
1962
1287
1276
5790
7555
7579
1926
6507
7221
8602
7338
4686
3603
8229
4210
4472
5844
8732
4584
5562
8684
1524
3584
2944
9768
7295
5298
8836
7936
8170
7622
1872
5650
3951
5465
4337
4633
2364
2740
6701
6647
1095
8140
8095
1640
2209
1873
9856
2823
6317
1625
3744
7439
2148
5401
8417
9162
6290
9642
2410
5271
4675
8228
5181
1673
9545
4785
1155
7049
8383
3878
5110
6604
5386
9461
6490
2998
6828
7026
9311
5809
5669
2075
8606
3255
6804
5324
9493
1490
7656
7605
9454
3623
3938
7675
3700
2007
2315
4725
2536
6433
3970
4733
1491
6602
5467
4780
1672
2454
2824
8802
5853
8134
5309
2927
9614
9064
1940
7806
9279
7243
9764
5804
5268
1661
8872
1981
8475
7595
4324
9694
4068
5567
8418
1909
7162
3714
4554
7232
3756
2241
5949
1419
2253
5064
5676
9221
2594
8081
1956
5850
3157
6683
5673
4803
6196
4989
2399
8721
6019
8048
5073
7424
8097
1315
8037
1656
6438
9179
5820
6799
9010
9242
9468
3500
7633
9433
7283
8934
2021
9194
8815
8808
4281
2574
9405
9621
6074
4072
2388
2945
5077
3189
3864
6684
4652
3943
3301
3134
4438
2599
5571
4705
4195
1408
6636
1487
9118
7516
7204
4318
6702
9266
2803
2654
7706
1510
8106
2719
4819
2482
7565
4806
7443
9750
4642
3408
5984
4791
1809
2403
5644
9984
3582
8244
5166
5468
7685
1644
4931
1631
5359
9038
5786
4549
9018
2995
9620
3062
4046
3954
9359
7267
1311
1498
1249
3478
2047
8352
3596
4385
4119
8906
3834
1344
5836
6820
2806
9037
4717
9881
4215
4847
9406
4027
9727
1520
4464
5458
9587
4713
9781
2484
2603
1774
3516
2072
4309
3777
1780
2103
5470
1436
7055
2674
2427
9346
5503
9767
5207
1439
6549
3528
6283
7484
6476
1233
8156
5927
2428
3645
1844
6554
5455
3565
2691
6089
9580
3905
3839
8198
3339
8706
6197
8278
5449
7900
6349
4008
4022
2363
7956
5190
1457
7471
7257
7383
6456
5546
2811
7957
7779
2854
5404
4617
4457
9398
2539
8583
8535
7404
8248
4335
2054
2804
4908
1591
2765
1455
2082
8971
4024
1759
1814
2045
7095
1753
7691
3940
2113
7410
3021
3597
8173
6688
9098
4656
6633
8435
1051
2133
3575
1616
5143
6150
6351
9529
3927
3968
4688
9044
5653
8349
2930
7644
9314
8981
7073
4680
9377
5643
2542
8984
5038
1296
3971
6488
2762
5847
7352
4689
7459
7452
6224
7801
7217
4552
7778
2629
6000
7959
7313
3253
1600
7792
6950
9188
2579
8464
9929
1030
6175
1207
9912
9121
1289
5216
8160
2942
5036
3436
8844
9372
8531
1737
6565
7700
2439
2161
6851
2496
3636
9515
7715
2605
8035
6276
7974
8444
3640
3297
2836
5059
2785
9392
2987
5210
5422
2130
3949
7782
3886
9337
5570
2760
6933
3715
8627
3648
4163
2100
9172
3677
1994
9657
2907
2316
4439
2222
5345
5097
4975
2856
9516
4023
9109
2766
5373
1542
7698
3629
1983
2116
8100
3108
5944
6949
9525
3611
4101
8788
1254
4110
9679
2636
4761
7835
1094
1008
9397
8681
5837
8548
1832
5741
1489
8670
5244
7311
7079
4354
8674
6076
5220
5332
5508
1304
3580
4517
7607
3921
7326
3577
4429
6666
1910
3956
6845
3422
6585
1078
1784
8522
9822
8230
5514
2460
1368
6168
8208
2479
2756
1931
7546
4496
6178
5084
8542
5270
5285
8563
1781
1454
9160
5009
9180
1219
9496
9462
8823
1650
2461
9784
9837
5098
8021
5878
8218
4081
4969
3634
1519
9505
8436
9922
7143
1943
8647
3003
7293
5637
1288
8919
1329
1615
4495
5985
7963
3476
5541
2292
4943
1149
3525
5302
7226
1935
5391
6784
3665
1375
9086
5024
2652
7894
5793
1618
8582
9096
9247
6452
5311
9667
1097
7078
9006
3824
4967
4786
4174
6282
7609
6485
8158
3838
3484
6459
5910
7849
4653
7905
6124
5445
4019
2873
5660
3669
1679
6538
2347
8103
8624
3440
9732
6863
5737
5142
1685
2183
1225
8958
6831
4736
4774
8562
4060
8144
4014
5934
6883
5472
8529
9898
2778
3816
9639
7856
6114
4233
3310
3788
3238
8290
6048
5530
1334
6310
8272
1241
1338
5902
6316
6051
8925
6572
8931
2085
5951
4994
9152
3599
7258
4467
4074
8488
7457
9879
6901
8357
4754
1424
2999
8256
9486
4294
6013
4769
3768
2179
6829
6009
6295
4049
2651
5349
6164
8697
5540
9090
2938
8069
4149
3868
6763
9850
7519
9344
7024
2645
6122
4722
9882
4648
3793
3753
4599
1122
5178
6752
8780
7252
3144
6372
1777
8806
1811
4321
5344
9417
3850
7600
8159
5911
7887
2925
9806
7339
7815
9612
8195
7475
1936
2425
6830
6729
4952
3054
2671
5067
6227
4827
4540
4009
8843
2495
9251
5012
8608
9315
9871
8101
6792
1796
4083
4674
3374
9811
3952
3470
2017
3900
9045
6098
6332
6924
3037
1401
2049
7674
4873
9557
5764
2904
6732
6642
9610
2729
6358
9410
7039
9472
3102
7759
4741
4059
1271
1499
7712
9952
6903
6725
2237
1748
8078
2520
5968
9383
7543
3642
1112
2874
2371
5634
2970
8358
1314
7068
9132
5982
2201
5420
3187
5521
1836
9286
1985
3051
9738
1646
9600
1224
9412
2274
6895
8041
1812
5682
5625
4442
6536
9514
2369
4289
7223
6480
2678
6948
3167
5619
3653
1400
7738
8722
1889
3524
2204
9538
5658
6181
2144
1532
2013
7260
4850
6006
4809
7693
5921
8058
6600
4647
1023
1735
5617
9394
1729
2254
7356
5822
1441
2260
8076
6454
4742
3689
8658
4598
9112
2529
9843
7358
8293
4999
1283
8437
6152
9934
8754
6447
8010
7035
7886
3845
6206
4658
4283
6651
8852
9683
7167
3365
3593
2094
5374
6474
5867
7199
8243
2735
1782
6962
8062
4874
3889
1953
5189
4042
3334
8191
7139
7679
3475
5079
9763
2770
7730
6235
8916
3920
9145
5466
9635
2843
6096
9986
3306
2034
5787
8401
1535
8795
1829
8965
3352
3544
3443
3015
5542
9716
5980
7828
5568
7724
6601
5265
8792
4493
4740
7287
3958
2675
9138
2609
4432
5020
4018
1396
6151
2060
5594
6534
1859
6073
7589
5675
1320
3877
9007
5381
3507
6041
8344
8307
1598
5383
4790
2463
8163
1922
1575
2150
7624
4776
2657
5742
6378
1528
6483
6391
6265
6566
1298
4038
2919
4668
8469
2497
3308
1853
7937
2758
3382
1732
6423
8983
7150
6777
4278
6764
5605
8885
7760
6275
2893
3851
1597
6775
7827
1710
2394
4301
4968
5155
4209
9021
3272
9300
2732
9644
3925
9833
4865
2634
8741
2353
4368
3081
9568
1263
9354
1193
6215
5729
5631
1174
5172
5889
5672
8821
6213
8108
4746
8427
9892
6665
9533
9435
6744
2614
7275
4727
1486
4391
5958
8851
2739
2356
5774
3785
5576
6918
8633
9797
6730
1090
9969
1559
6783
3853
6993
1719
8882
4901
7255
6523
4450
7023
1325
1639
6068
4890
9915
4801
6680
4763
9626
2705
7631
9336
3494
7214
2304
3931
8842
2502
3325
8017
4397
3237
5684
4505
4322
7808
8737
6364
7906
9291
3650
5547
8384
3876
5728
6947
9729
4377
3633
9564
1527
4465
6969
4221
7836
2533
5443
3488
1126
6231
5917
9446
3456
6982
5380
3216
3027
9270
4758
1924
3829
5575
1083
5096
2616
5843
9187
6723
7004
5289
8505
2044
7928
8226
4841
5990
4575
9655
7262
9312
2299
1327
2672
9630
9711
5326
1409
3533
8232
3435
4196
6439
1198
8894
1838
7038
2172
8796
3916
9137
6539
3243
6232
9146
2877
3010
9510
2796
8443
7714
5633
2982
3078
4743
7829
4794
9894
1891
6035
1428
8060
5590
9214
5532
7496
3760
9593
6836
5587
6229
6478
7213
8566
5095
3005
7757
3610
7488
5830
6049
3223
3513
9759
6663
2329
7371
3477
8212
1633
9287
5851
1316
9186
7008
8628
8024
1757
9150
5991
2464
2608
1367
7514
8287
8262
9563
6531
2880
5898
8751
1048
7826
6579
8001
5748
6058
9518
3615
8903
3289
6280
5537
9144
5832
7903
5903
5938
2851
4564
1348
9126
2704
8956
8570
3322
9900
3859
4143
5615
7912
4480
4749
6271
1459
9851
2866
4638
5360
6594
6762
1309
6716
4274
6270
6147
4258
8720
8539
2213
6699
2600
1507
5881
2029
2217
4582
6069
5191
7885
2853
4468
1273
4257
5874
7858
3561
1058
2618
3655
7526
5258
1893
3823
6172
1453
5805
6670
8988
4428
3745
6484
5779
8151
3982
3884
8580
2791
4242
5071
9224
6191
3861
5664
3515
9216
3641
3148
1550
1906
4541
3782
5936
4317
3770
1798
4855
4440
3869
8462
7482
3074
4837
1892
8059
2320
9540
5485
9977
8093
7259
1303
2257
6984
8993
9111
8279
4522
3957
4704
2042
2223
7822
2526
3774
1795
5657
2681
3620
7000
2613
2157
8819
5005
8519
1995
1915
7553
9147
6726
4063
4160
4420
4958
4553
1770
4844
8136
4537
7238
7261
1949
7040
2749
3269
3995
8454
8270
8331
6742
9237
4270
3299
1161
6558
9895
9056
1848
9280
1724
6047
3474
9798
5922
1515
2286
2966
1054
2343
4086
7370
6429
3066
4563
2393
3556
3283
8114
6409
2301
5379
8002
2712
3712
4415
3643
3498
9773
8133
9168
3554
6745
9156
4396
2977
9273
2269
7426
4006
4032
5436
7328
7597
3468
3815
8889
4608
4370
8345
2908
7548
2096
4326
2289
6008
4312
2915
3023
5157
8760
7809
1336
9522
9530
2774
8392
1302
6305
6060
6025
7464
8886
8831
3065
1284
7467
4649
1923
5799
2934
1286
4419
6544
5781
6936
7454
9101
9325
4821
4016
8259
5133
4927
3847
8564
9926
7182
6345
2037
5716
5039
1576
1483
7411
7306
3097
4392
1223
6414
6460
3504
4924
1533
7219
4916
2506
2489
4762
9195
9821
1653
4891
8753
4752
8146
5623
6326
3212
5176
3110
1476
9057
9488
9077
3420
4203
1508
6366
9085
6676
5102
7817
5231
4245
1567
9174
7491
2218
7021
4103
2585
7359
7568
8556
8007
1066
6307
6951
3918
2121
2019
5705
2961
7066
6435
4040
6267
8699
1141
2334
5494
7739
9734
1905
6957
9677
8354
4615
5260
4275
9501
5859
9769
8635
4503
8498
9567
9735
1272
5479
8052
3955
9396
7099
5111
6711
3835
6487
2402
7127
9401
2091
7653
9721
9804
7672
8766
5348
6495
6989
1691
1339
7425
7097
1297
2643
9107
5021
8893
4631
1540
4344
6669
2170
2552
3050
3827
2136
1470
1412
5051
2390
9479
8179
3163
1605
8399
4228
2176
3911
7951
8515
4570
1374
4447
2551
6620
9989
9068
1460
7640
9348
9125
8924
4982
7850
4201
8166
6494
3094
7342
7057
9631
3571
1590
7734
2291
6787
6461
7299
2314
5135
1546
7296
9178
9425
7859
8845
4166
1819
8323
5797
9802
2621
7611
4045
6860
4895
2593
9281
2676
1552
9854
1779
8859
5089
7868
4928
8506
2138
5620
1196
2290
2768
4065
5626
4376
9060
3291
3840
7294
8098
7141
9220
4041
9896
5037
7081
5158
7772
6034
4434
9576
6157
8211
1478
9484
5497
2468
7247
6079
3371
9076
6756
9793
2125
3805
3535
8129
3841
3403
8408
7112
4979
2655
8912
1164
6997
4964
6677
7784
7666
2864
1247
2006
9414
8362
2024
5601
1040
7159
8707
7819
6417
5602
5919
6269
1365
1138
6645
2680
4092
5408
8553
8139
1197
1000
5585
6884
4010
6635
3595
4977
7810
6011
7477
2786
3191
1465
2698
3447
9408
9233
7321
1881
2480
8196
6253
8332
5280
1103
1433
9902
9234
4430
6521
7231
7332
4164
5402
1555
1822
2185
7076
4190
3354
3052
2611
5950
5371
9991
4098
2597
3159
8215
3115
2107
3746
7805
5814
5304
4525
3413
5505
5569
7322
3335
2589
6835
7531
3893
8367
2881
9976
2867
3668
7317
2188
4219
1405
9249
3273
7890
4360
1792
7655
5683
1251
8569
4753
8744
6050
6535
5171
4948
3830
7455
2296
6695
5074
5236
2905
4893
8829
9996
2781
4951
4011
1692
4349
3454
1469
2134
3701
7091
5061
7034
2467
9320
6251
1505
7688
4243
9790
4112
9232
7147
2965
7529
9351
7101
6002
6555
5180
8374
6078
4094
5294
8701
3574
3601
7940
9225
2992
2733
6866
4826
4150
9349
3288
4240
1277
4290
8187
8923
8828
6095
2794
4905
2606
8995
4515
1434
3630
3060
8094
5846
8867
4223
7947
8532
1029
4909
7165
3095
9318
4448
4894
4173
6169
4506
7541
9206
5182
8574
4357
8336
6661
5524
8222
9388
5169
9524
3294
6145
9303
4026
2849
9019
2584
7449
3028
9706
5367
1664
1407
9526
7620
3401
8598
2831
8325
4696
3131
2598
2129
5899
3093
5228
5725
3696
5208
1022
5279
7771
9754
4478
3901
2333
4735
3368
6201
7063
3265
5528
2086
2561
8282
5398
2225
3067
1870
6837
3197
2792
3541
4156
3560
4971
9647
6176
5775
3716
2706
3150
8652
6091
5263
6057
6626
5433
4605
8926
4768
4080
7200
5175
2715
2095
9607
2627
1280
4044
9925
1389
3566
6911
4692
4273
4641
3457
3009
1682
3341
1118
5452
2380
2730
9884
7163
8672
2119
2016
2667
4527
7384
6024
3415
8460
3004
1544
2833
7664
6158
3086
4936
5001
9400
7462
9633
6710
3559
5882
9023
8962
7955
1205
6849
4636
3914
3664
9668
5783
9749
9042
4128
9805
9069
1704
4095
5700
5573
2374
5385
4703
4037
3809
8864
8764
4934
8559
8084
3449
5139
6809
4899
7374
4691
3375
4158
7075
9553
3268
6524
5284
6087
9849
1088
5113
6844
8236
1306
1001
3205
7120
1722
9347
7427
4764
2379
7015
7573
3239
4437
7927
3080
9210
5066
9465
9334
7982
8869
2790
9368
1170
6770
6655
1681
6952
9175
2662
5378
6578
9477
1825
1292
7183
8311
8221
2876
9272
8085
5322
2665
8739
2215
4374
9736
7924
5607
5999
2697
8341
3688
9909
4256
5920
8874
7660
7270
4756
2066
9261
7087
4197
9948
1437
1018
3512
2937
2522
2117
3717
7276
3448
8632
6615
4883
7415
8637
8974
9459
2754
9930
5896
9619
8975
3798
3017
7673
5286
7999
8459
8700
5076
8494
5352
9623
7972
4697
1270
4759
4498
2207
3997
2910
2731
7764
3266
3486
7116
7562
7554
9724
6853
1019
8316
6018
8586
6138
6854
3866
6833
4346
7670
3761
2452
4833
7855
9097
9182
3018
4248
8786
4183
9853
8849
4131
9594
7209
4089
7632
7062
3904
1728
4664
3942
3429
6291
4854
5929
3151
6848
8693
4372
6956
7495
2080
8398
1741
5718
1908
1092
7476
9695
8474
6834
4956
4043
1357
2917
3229
1267
8493
8471
1660
2722
6399
8774
3849
9554
2845
2505
1189
7922
3398
3576
6420
5773
7744
5165
2430
8600
3356
7921
2638
1874
4408
8711
8121
4153
5721
6621
8690
1144
3458
4589
9810
5597
1698
7042
7307
9978
2560
4431
4593
2271
4329
7523
5453
1699
1852
7851
4755
7598
9702
8281
2028
1608
7839
6824
4747
2590
6063
8768
7239
6551
5240
8396
8679
9963
7786
5720
9813
4138
4676
2842
8504
6496
1952
8730
1285
3303
9575
5556
8623
4963
7487
9136
8013
4310
5068
6768
6570
9712
1028
3751
8337
2519
8328
6062
4100
7124
4950
8936
7559
6161
3678
3625
6475
2089
8478
9519
7521
7054
4136
5759
3221
4838
3304
7618
1944
6044
1385
7074
8252
8412
7280
3180
6234
4025
3739
1209
5719
7318
5750
2958
5308
5393
9094
5146
1509
1299
3400
5293
2305
7994
4922
8603
5419
6274
5218
9847
4206
5388
9845
7558
9048
5471
6445
8837
8723
5979
8031
9692
4435
5807
7645
5297
3259
2035
3922
2423
9441
9456
7084
2936
4129
3295
8489
3395
8785
6673
3964
2617
7773
6208
6698
6085
2980
5355
8184
8712
1246
6767
4623
6811
3388
4263
7881
7781
3552
9133
3311
6632
1034
2415
5941
8127
2197
9981
3363
7884
6183
5392
6118
7939
2504
7651
6426
2993
8873
9830
5434
4983
8551
9282
2063
3558
2783
5241
1800
6427
6320
9470
9775
2747
3006
8210
9264
8355
1622
2238
7387
4523
5063
3188
6805
7777
9373
8239
6384
1210
3526
9255
3152
1993
1414
7623
4423
5755
9546
4545
9355
3959
1150
8056
4840
1471
8449
3446
6444
2708
1799
6160
3260
7814
6473
4859
2165
3637
1617
7677
1328
2175
5939
8557
6101
8030
2318
4012
5204
3293
4734
1312
6386
6788
5387
8743
1651
1082
7229
4678
2492
7852
1835
4715
4251
6021
8271
4797
1324
1169
4955
4578
3251
9549
9052
5080
8275
8490
3863
6028
4115
2156
9478
9213
4569
1601
6757
2344
3270
2973
8725
2852
4070
8581
6972
9890
9964
6926
2473
9681
4193
9887
9857
5212
1101
9169
8611
9170
9589
8736
8930
1057
4645
3184
8193
9869
1044
8502
2897
5103
2815
1925
7110
4211
6430
3903
4789
9053
8012
4302
3233
4694
4681
3465
6416
2279
9497
5687
7532
4507
3979
4388
6614
8269
3614
1730
1056
7190
1366
2601
5558
3174
8865
9157
3736
7025
8616
5152
7873
5892
9103
1106
5646
4109
3609
4033
1785
1435
4682
3509
4848
6210
6637
8998
3168
1927
4311
3090
8486
5895
8686
8990
1700
3362
4788
9718
6774
4533
4693
2249
6713
4292
2612
9222
6793
2115
4892
1206
9908
5185
1293
8299
7056
9380
3867
6106
3481
8783
6786
3762
8779
5612
2752
3047
3044
2326
6571
7807
4262
4084
4161
2656
8756
2687
6592
8391
1793
3627
9041
6999
6891
1135
3585
5815
5397
6940
9014
7534
6519
2280
4280
9860
2588
6302
6223
9591
2375
6751
9520
4732
1978
5469
7544
1369
7783
5868
8268
9535
3808
9770
8814
1176
8501
8718
3909
5259
4877
1787
7291
3234
8209
7020
7315
9582
9268
5863
5580
1132
9975
6892
6167
9983
9361
5131
4489
5791
2491
8713
1523
4394
8626
5959
1645
8291
7728
3810
8979
3758
2509
9555
9283
2408
5031
2303
5116
5421
2074
4030
2059
6127
1749
7741
7377
9634
5414
6689
7067
3464
9720
8685
6672
5789
1789
1392
9489
5499
9065
2658
9494
1758
6107
6977
3296
4152
5075
3771
2809
3114
3045
9309
9835
9236
9717
4455
3103
2265
1813
3711
8172
9859
4995
6821
9844
4410
6216
1134
4509
7354
2247
3888
8989
5656
3493
3111
2763
9680
5346
5337
3783
8477
6880
4332
7288
5966
9990
3282
8733
2900
2327
4990
3945
3263
9328
1377
6667
9431
2377
7366
5262
3032
4535
6898
3287
1960
7533
3490
9606
7725
5457
2151
1440
1958
6753
5441
4403
7717
9643
7663
1418
6185
1611
9005
8402
9151
5136
6257
6182
7237
6125
3749
8273
9910
1200
9469
3936
9532
3828
8752
6800
8371
7976
5616
4466
8528
4918
1475
8014
1109
1291
7749
5763
7647
2975
7234
5148
9473
8335
5691
5338
1939
9966
6707
6963
9674
3621
8414
1503
2233
1688
4511
9671
6986
8668
2251
7834
4082
3924
8066
5840
5198
6212
3380
3754
3598
9243
5093
3752
1332
2986
6908
9599
5596
2132
6108
8245
5785
5461
8534
6586
9572
3373
8871
2547
8612
8015
9124
6904
7027
7812
7269
6278
3843
3652
5480
3907
9495
7909
8666
9517
4139
1143
6131
5281
5599
3210
3240
8102
7271
1382
6453
8904
5041
9366
8646
7896
8863
2357
7109
9129
2319
8729
7007
5438
1766
1177
1124
5578
8465
4003
6528
3735
7423
2192
6563
9937
1933
2057
3514
4005
4331
5870
1818
6674
4868
3142
8728
7736
4319
8749
2632
6847
7686
7085
1027
5961
8937
9200
3686
9744
2382
3587
9271
5756
4390
7412
7699
5784
5751
3691
4502
1736
4939
9250
9565
2203
9310
9430
4361
1049
5412
6612
6934
7135
6618
4954
6113
8799
6443
1855
7643
3414
8804
9059
7510
7071
7045
4708
2414
8491
8162
2679
1937
3445
6491
9362
7343
8703
4446
3518
3031
3505
2401
5188
9482
2764
5957
1875
4700
3213
4064
2793
3855
4783
4933
3124
8653
8835
6932
4993
1963
4655
6226
8824
8466
3444
5800
1805
2135
1810
1689
3741
7588
8484
4942
1073
9709
1212
3702
2104
9542
8277
7973
4382
1725
6241
7434
7292
2751
5291
1721
6126
9241
4486
4557
2759
5803
1913
8319
7499
4677
5904
4500
5017
5375
3607
4592
9159
7336
6132
2789
5918
6690
3892
6965
9792
5239
5948
4782
1574
6750
8613
6803
1977
7256
8124
9675
2282
4425
7189
4316
2494
9177
1363
4566
6499
7800
6082
5049
9330
4140
4835
1854
1087
5085
6781
9017
2860
6879
2447
1584
4723
7520
8698
1972
9828
1231
6906
6070
2323
9664
4176
4146
6268
9995
1238
7580
3357
2014
8267
7731
1655
4452
2562
3313
1828
2038
5926
9046
9449
5261
2397
1549
3981
1761
9809
9817
1863
9548
3292
5823
8541
6007
1895
2555
8324
7037
3787
5564
3208
4261
2909
5845
9919
5942
8441
8617
6467
3070
5767
2158
1035
9752
9223
7720
6937
3001
8061
9051
4090
2322
2123
4323
2716
2000
3278
2928
7968
7158
4634
3135
4234
1705
2639
9648
6980
9071
8999
6472
6758
4737
6088
6888
7466
1663
5771
2568
7242
4036
8933
9826
8309
6262
7030
8512
5855
2376
7575
9723
3786
5579
6720
8862
8525
5498
1973
4646
4320
2277
7537
7527
9467
1635
1593
6398
7129
3410
5609
5033
3588
2868
9950
3794
7151
7018
7254
4536
4679
3628
6146
7335
2008
8957
6333
9640
7787
2406
9818
4921
2974
5003
3769
7492
1626
9122
7168
7635
6639
7703
7430
7145
2350
7552
7837
2693
8456
9868
9685
1762
4811
8954
6942
9409
6640
3170
9584
2701
7564
6134
9322
4662
1716
1955
8621
5965
6418
5160
9628
5769
1388
2537
5154
2360
8467
8237
4520
9597
8639
5730
8131
7780
8034
7612
3885
3030
9407
6568
2387
8071
3557
8826
4882
3606
5369
8333
3186
4683
9027
8240
2859
3139
1554
5213
8207
5738
5692
8593
7883
2889
8403
6818
2695
8190
6737
9104
1733
7789
6338
5630
5591
9134
3285
1623
8481
9829
7178
2641
4216
1300
1125
8841
6717
5272
5559
9577
9704
2513
9688
8595
6306
7103
1278
6564
9632
5214
1279
2039
4484
9676
8055
6148
9384
6242
6675
2436
5906
5539
4961
7604
7895
3392
9665
5106
8138
1984
8991
8343
7433
8326
7096
1843
5425
6515
8642
7893
2947
6304
6314
6914
6715
2913
5161
1760
5723
9148
2696
6004
8797
8659
3825
2443
6506
1954
7050
9074
7019
9063
4910
3013
7105
3473
7463
7790
3812
1431
9093
5710
4581
9246
1947
1988
1420
8770
2699
3082
2939
1444
6766
2252
3389
9165
5431
5932
4512
4622
2219
3572
3206
4169
6561
6299
4532
1571
5986
8167
3271
1868
5772
7983
4108
4880
5527
1526
1052
5336
3194
8573
3244
7971
5712
5543
9923
1662
6033
5834
2604
4453
2208
7569
1373
7572
9000
6379
9491
7266
3480
6876
5640
3307
5880
5199
4462
5395
6458
9523
1769
5266
7608
1573
4625
2559
1194
7364
9357
6432
6357
5056
1250
3430
2302
7289
6754
2926
4583
1075
4127
6575
5264
9742
4334
1767
9765
1932
3894
3506
4568
4739
4104
4259
8769
2478
4333
1204
8714
4473
3960
6367
5055
2166
2535
3222
3820
9374
4962
5875
5060
9196
4383
2861
8161
5897
3385
1885
4926
1215
2459
2724
2640
2692
8825
5632
4744
2202
8409
1290
2577
6878
3792
9203
7473
7305
1395
9740
2670
8092
6313
4718
5706
7489
3624
6522
7684
7431
7750
2840
6678
5072
2779
2389
8549
6559
2147
6988
7136
5515
4869
3204
9327
6587
3232
6408
4842
5504
1501
2839
9801
7346
6501
9903
1592
7540
4594
7397
2087
1595
5825
8203
1743
1130
7437
3328
2312
8890
2628
3098
6998
7601
8683
2261
8182
6995
7603
6887
5639
4684
5235
3991
3747
6864
8546
2887
2906
9058
3990
7642
1715
7218
9416
2976
9719
7590
3978
6281
3687
9439
3527
8817
6143
6081
4443
3725
6769
3663
8213
9166
9442
7399
3220
1458
2686
4130
1372
8430
5795
2663
1514
2186
5848
5358
6921
8689
2321
6325
4974
3146
9958
2734
1907
5523
7372
9047
6319
5339
9389
5083
4121
4866
1666
3091
2516
7108
6872
4356
4896
8834
6421
8888
3290
6953
6537
5141
5137
8372
8676
1851
5226
9796
9164
4609
6373
1381
1987
8858
7918
5937
4726
4721
1577
4395
7990
9001
9208
9880
7130
8407
3882
5668
9961
5410
1525
8645
6657
9040
7251
5914
3049
7874
8104
2426
9944
3993
6755
2844
1013
7765
2027
4932
3967
9190
8086
7658
3351
4590
5894
2799
6816
9641
3831
8038
2262
7465
6526
6149
8552
5128
2328
4729
3068
2862
2668
7676
9872
3511
3779
5913
7191
8317
4461
2404
1942
4889
3676
2058
6102
4133
7743
8155
6912
9753
1864
7825
1919
1997
1989
1579
7053
8731
7093
9650
2200
2682
7052
6543
4543
2514
9492
9055
9562
9945
9432
2707
5689
8673
6038
5598
6709
3176
5026
9012
7888
8434
9205
1858
9917
2078
9814
6130
9369
5976
3647
8597
8555
7102
7862
1619
5091
8521
4629
1890
9855
9893
4912
7680
1764
8376
5621
8816
1033
5992
9050
3330
9415
3007
2728
5584
4980
8294
1883
7362
1274
9956
5273
6858
5233
8895
3431
5100
2554
2582
8716
6562
5624
4267
5156
2757
4358
3214
6411
7420
7602
2813
8901
5606
6431
6266
7838
3172
1676
2644
5435
9848
1156
6469
7844
7444
5343
1168
7446
5686
3998
4123
1562
9771
2214
5327
4832
2061
5872
3128
5978
1393
3974
3055
3932
8588
8883
1566
6917
5300
7187
9927
4945
3963
7006
3819
4458
4731
2055
6422
8591
2755
1902
3136
6697
1370
1071
2487
9003
4362
7441
3729
6861
3160
5245
9438
1253
4412
6547
4576
1257
8838
5861
1173
8359
3703
9030
6109
4422
2486
3698
1815
8648
9338
3612
9994
2475
2076
5364
8220
5333
9298
4702
5361
1830
9466
1921
8509
9176
4966
3092
5925
6334
7205
4778
3169
6037
5884
8917
9360
8250
3996
3349
4426
6142
1607
4853
2717
4716
9008
7286
6996
9756
5203
1185
4348
3837
1707
5909
5117
4900
7017
2453
3372
2685
7889
7198
7557
1786
6361
1850
7650
9865
3748
1208
5447
9189
4624
1244
1677
3709
5666
9595
3520
8520
2466
4181
6042
4487
5534
6687
7614
4272
1364
8695
8074
4230
5963
5998
8168
2721
2810
1687
5699
1158
3192
5382
3048
2099
8087
3183
9918
5614
9201
2191
7046
4122
4366
5029
8654
3811
5724
1765
2989
7681
5703
6576
2020
2243
1654
5058
3215
5278
5681
2592
2108
4601
1772
6502
1384
8507
4315
9375
2421
6889
4212
2558
9701
1474
1416
1738
2818
2365
3404
6385
1422
3570
8029
3364
6165
3651
6513
8636
7678
3550
5506
7194
7637
9440
8389
5529
7880
7596
8643
6658
8801
3992
5173
9231
7566
1667
4978
1323
2832
7448
2890
3984
9534
1188
7460
9971
2556
7911
3591
4350
5972
9883
8513
3844
2702
8457
5164
1745
2266
7481
7985
3608
6171
7515
1326
9350
1624
5124
3976
5928
7984
3039
1693
8183
7494
9737
4820
8033
5808
7111
7583
6016
5988
6375
6014
1446
1349
3923
9673
4172
7798
7549
2391
4839
5502
5685
1172
8856
9953
9013
5819
3738
9980
2750
7641
5535
6071
8985
8109
6249
6061
6553
5924
6083
7442
6097
5931
2409
9618
6179
6296
8898
9140
7943
3406
4639
9503
3250
9761
2126
3973
5642
6354
7119
5905
3508
5736
7832
8420
9356
1928
7279
4579
8970
4612
5050
5690
1221
9651
5047
3723
8205
2807
8789
2032
7403
4296
1621
2967
2098
6734
8594
7785
3061
3453
3012
6036
7193
6392
6022
3919
9979
1599
2550
4299
3072
6548
4976
3683
9560
6287
4550
6388
9323
2184
6026
4232
2648
3451
5307
3583
7344
4651
8921
6371
1999
1102
9885
7224
6401
9743
4886
3432
7010
1970
3258
2620
4585
9102
4151
1421
3854
3795
8415
2564
3022
6327
9183
1558
7171
9289
7661
6850
7092
1731
3523
9558
7117
4375
9699
6225
8678
3775
2240
8578
2284
5159
4861
6032
5995
9834
2338
3412
2194
1426
2595
6810
7360
2440
5552
5217
6916
4327
8180
4792
4539
3989
1778
4471
8068
2828
5295
7925
1495
8918
6300
2834
2295
7797
1147
3118
3740
4818
3880
7824
6323
1773
3626
5215
7820
8419
9474
7369
7047
8169
3833
1746
6740
4088
2850
3116
2521
6882
8378
8747
9731
9011
8330
4898
1948
1712
5432
1887
8258
5437
9502
9697
5118
9824
1569
6263
7841
7011
1755
6395
6412
2250
3320
6137
3469
8663
3342
3411
5849
4380
2990
4200
4077
7980
2070
1473
9932
5168
5826
6714
5115
1794
6218
1668
6654
4672
3553
7997
7002
9155
5417
3203
4276
1096
1839
8527
3592
2530
4630
5450
5482
1614
5967
7869
3658
8377
3277
1447
2413
2149
3345
8966
7013
2709
3461
8023
4997
8492
3879
2065
3442
7944
9776
4178
3267
1310
8005
4135
3579
9217
2602
8288
1694
5964
7577
7407
9901
4004
6771
8174
8516
1823
5754
8393
7517
6946
6955
3394
2933
5283
4917
9259
1516
4260
7285
3323
5440
5490
9067
6155
4031
5046
3814
9758
9215
9381
5341
5257
5254
7949
9728
1824
2741
7593
6907
2226
9158
9358
6662
5288
7001
9777
6896
1191
5603
2155
5054
6186
5973
4020
4015
1014
4577
8812
3089
9049
1842
5600
2189
6867
2307
3316
1897
4411
9343
3602
2673
4937
1545
5368
1115
1522
5446
5701
8688
5533
5971
6090
1961
9788
1869
1790
3858
1070
2325
8517
7657
3241
4328
7871
7012
9799
3439
5053
9596
6617
2400
5994
1006
4365
6064
7184
1837
6772
4165
9751
7180
1657
2573
4034
5811
3038
3109
1553
7695
3699
1151
8322
4047
6343
1282
6246
3694
3492
2276
9062
2090
2532
1178
2566
1570
1021
5315
9436
2932
3670
1397
2767
2563
8130
2306
9387
4904
8899
6348
3722
3129
1671
5495
2743
7405
8111
6556
8805
3370
5062
3396
4369
2025
1971
6705
2827
3639
7134
1220
5211
6973
9083
4402
3466
4627
8656
1020
8902
5105
3391
8818
4056
4504
5400
9921
9812
9288
8346
7995
8188
7668
6056
1551
9842
6441
7902
7220
6964
2895
6321
2263
3218
5230
7727
6979
6020
3441
5693
9943
4720
6719
4907
4102
4822
8938
3211
4521
9544
2899
3318
3681
1930
9463
7652
6471
3014
5592
2788
6925
7950
3315
6582
2726
5234
8908
9941
8709
9163
1816
4849
8004
9725
4984
5987
5565
8495
6791
6202
4075
2234
7816
7761
2187
2898
5015
6450
9139
4313
7083
6652
7114
5670
1563
1237
5761
4817
4085
3132
8620
5933
3149
3813
9611
2472
1998
7172
8996
1131
1260
3727
8855
8704
5478
4661
6939
8589
7014
3177
6337
7345
9823
5574
4477
2872
7414
2224
7320
7385
4028
5476
2637
9100
5389
8206
4701
3887
6244
5871
1387
9455
7436
6285
6985
1010
8123
6808
5354
8204
5022
3913
9913
3499
1127
6638
1423
9219
8455
2071
2337
8994
6481
8967
1145
3980
1411
6631
7998
3119
7775
9662
6960
2005
9985
6419
9274
2293
7502
3496
9154
6822
8219
7152
4804
7930
6200
4238
8651
3692
7215
3421
6712
2385
4404
1817
3138
8577
5411
8590
2949
1612
7353
8067
2270
7615
5589
1636
8496
8197
5331
1417
2776
3657
7563
1695
7960
5854
6761
3034
2372
2503
8932
2952
3171
8178
6929
7503
7964
3765
2067
9504
9598

